t       y
0.184	2.884E-2
0.201	3.301E-2
0.218	3.776E-2
0.234	4.302E-2
0.251	4.809E-2
0.268	5.342E-2
0.285	5.903E-2
0.301	6.616E-2
0.318	7.478E-2
0.335	8.381E-2
0.352	9.393E-2
0.368	0.104
0.385	0.115
0.402	0.127
0.418	0.137	
0.452	0.160
0.469	0.171
0.485	0.182
0.502	0.192
0.519	0.202
0.536	0.210
0.552	0.221
0.569	0.229
0.586	0.235
0.603	0.239
0.619	0.243
0.636	0.244
0.653	0.244
0.669	0.243
0.686	0.241
0.703	0.237
0.720	0.232
0.736	0.225
0.753	0.218
0.770	0.210
0.787	0.201
0.803	0.191
0.820	0.181
0.837	0.170
0.853	0.158
0.870	0.147
0.887	0.136
0.904	0.125
0.920	0.114
0.937	0.103
0.954	9.304E-2
0.971	8.349E-2
0.987	7.506E-2
1.004	6.712E-2
1.021	6.117E-2
1.038	5.617E-2
1.054	5.224E-2
1.071	4.932E-2
1.088	4.797E-2
1.104	4.809E-2
1.121	4.887E-2
1.138	5.087E-2
1.155	5.425E-2
1.171	5.907E-2
1.188	6.425E-2
1.205	7.129E-2
1.222	7.924E-2
1.238	8.862E-2
1.255	9.882E-2
1.272	0.110
1.288	0.121
1.305	0.130
1.322	0.141
1.339	0.152
1.355	0.164
1.372	0.175
1.389	0.186
1.406	0.196
1.422	0.205
1.439	0.213
1.456	0.220
1.473	0.226
1.489	0.231
1.506	0.235
1.523	0.238
1.539	0.240
1.556	0.240
1.573	0.239
1.590	0.237
1.606	0.234
1.623	0.229
1.640	0.223
1.657	0.217
1.673	0.209
1.690	0.200
1.707	0.191
1.723	0.180
1.740	0.169
1.757	0.158
1.774	0.147
1.790	0.136
1.807	0.125
1.824	0.114
1.841	0.103
1.857	9.286E-2
1.874	8.312E-2
1.891	7.430E-2
1.908	6.668E-2
1.924	6.016E-2
1.941	5.526E-2
1.958	5.101E-2
1.974	4.794E-2
1.991	4.623E-2
2.008	4.582E-2
2.025	4.633E-2
2.041	4.848E-2
2.058	5.155E-2
2.075	5.599E-2
2.092	6.101E-2
2.108	6.790E-2
2.125	7.575E-2
2.142	8.440E-2
2.158	9.367E-2
2.175	0.104
2.192	0.115
2.209	0.126
2.225	0.136
2.242	0.147
2.259	0.158
2.276	0.170
2.292	0.181
2.309	0.191
2.326	0.200
2.343	0.209
2.359	0.216
2.376	0.223
2.393	0.228
2.409	0.233
2.426	0.237
2.443	0.236
2.460	0.237
2.476	0.236
2.493	0.234
2.510	0.230
2.527	0.226
2.543	0.220
2.560	0.217
2.577	0.209
2.593	0.201
2.610	0.191
2.627	0.181
2.644	0.170
2.660	0.159
2.677	0.147
2.694	0.136
2.711	0.126
2.727	0.115
2.744	0.104
2.761	9.382E-2
2.778	8.446E-2
2.794	7.556E-2
2.811	6.746E-2
2.828	6.085E-2
2.844	5.564E-2
2.861	5.154E-2
2.878	4.835E-2
2.895	4.490E-2
2.911	4.451E-2
2.928	4.482E-2
2.945	4.679E-2
2.962	4.968E-2
2.978	5.433E-2
2.995	5.920E-2
3.012	6.583E-2
3.028	7.359E-2
3.045	8.235E-2
3.062	9.178E-2
3.079	0.102
3.095	0.113
3.112	0.124
3.129	0.135
3.146	0.145
3.162	0.157
3.179	0.168
3.196	0.178
3.213	0.189
3.229	0.198
3.246	0.207
3.263	0.214
3.279	0.221
3.296	0.226
3.313	0.231
3.330	0.234
3.346	0.236
3.363	0.236
3.380	0.236
3.397	0.234
3.413	0.231
3.430	0.227
3.447	0.221
3.463	0.216
3.480	0.209
3.497	0.200
3.514	0.191
3.530	0.181
3.547	0.170
3.564	0.159
3.581	0.148
3.597	0.137
3.614	0.126
3.631	0.115
3.648	0.105
3.664	9.414E-2
3.681	8.440E-2
3.698	7.556E-2
3.714	6.740E-2
3.731	6.032E-2
3.748	5.519E-2
3.765	5.072E-2
3.781	4.725E-2
3.798	4.690E-2
3.815	4.573E-2
3.832	4.579E-2
3.848	4.785E-2
3.865	5.076E-2
3.882	5.475E-2
3.898	5.964E-2
3.915	6.608E-2
3.932	7.376E-2
3.949	8.211E-2
3.965	9.139E-2
3.982	0.101
3.999	0.112
4.016	0.123
4.032	0.134
4.049	0.144
4.066	0.156
4.083	0.167
4.099	0.178
4.116	0.188
4.133	0.198
4.149	0.206
4.166	0.214
4.183	0.220
4.200	0.226
4.216	0.231
4.233	0.234
4.250	0.234
4.267	0.235
4.283	0.236
4.300	0.235
4.317	0.230
4.333	0.226
4.350	0.221
4.367	0.215
4.384	0.208
4.400	0.200
4.417	0.191
4.434	0.180
4.451	0.170
4.467	0.159
4.484	0.148
4.501	0.137
4.518	0.126
4.534	0.115
4.551	0.105
4.568	9.438E-2
4.584	8.464E-2
4.601	7.546E-2
4.618	6.777E-2
4.635	6.070E-2
4.651	5.525E-2
4.668	5.064E-2
4.685	4.766E-2
4.702	4.549E-2
4.718	4.289E-2
4.735	4.296E-2
4.752	4.456E-2
4.768	4.732E-2
4.785	5.116E-2
4.802	5.586E-2
4.819	6.160E-2
4.835	6.904E-2
4.852	7.757E-2
4.869	8.635E-2
4.886	9.609E-2
4.902	0.107
4.919	0.118
4.936	0.128
4.953	0.139
4.969	0.150
4.986	0.160
5.003	0.171
5.019	0.182
5.036	0.192
5.053	0.200
5.070	0.208
5.086	0.214
5.103	0.220
5.120	0.225
5.137	0.229
5.153	0.231
5.170	0.234
5.187	0.234
5.203	0.232
5.220	0.230
5.237	0.226
5.254	0.221
5.270	0.215
5.287	0.208
5.304	0.200
5.321	0.191
5.337	0.182
5.354	0.171
5.371	0.160
5.388	0.149
5.404	0.138
5.421	0.128
5.438	0.117
5.454	0.107
5.471	9.624E-2
5.488	8.612E-2
5.505	7.740E-2
5.521	6.924E-2
5.538	6.191E-2
5.555	5.686E-2
5.572	5.218E-2
5.588	4.812E-2
5.605	4.526E-2
5.622	4.289E-2
5.638	4.285E-2
5.655	4.415E-2
5.672	4.714E-2
5.689	5.067E-2
5.705	5.525E-2
5.722	6.064E-2
5.739	6.824E-2
5.756	7.632E-2
5.772	8.574E-2
5.789	9.528E-2
5.806	0.105
5.823	0.116
5.839	0.127
5.856	0.137
5.873	0.148
5.889	0.159
5.906	0.170
5.923	0.180
5.940	0.190
5.956	0.198
5.973	0.207
5.990	0.214
6.007	0.219
6.023	0.223
6.040	0.227
6.057	0.230
6.073	0.233
6.090	0.233
6.107	0.232
6.124	0.229
6.140	0.225
6.157	0.221
6.174	0.215
6.191	0.209
6.207	0.201
6.224	0.192
6.241	0.182
6.258	0.172
6.274	0.162
6.291	0.151
6.308	0.140
6.324	0.130
6.341	0.119
6.358	0.109
6.375	9.817E-2
6.391	8.855E-2
6.408	7.940E-2
6.425	7.117E-2
6.442	6.382E-2
6.458	5.781E-2
6.475	5.427E-2
6.492	5.044E-2
6.508	4.779E-2
6.525	4.619E-2
6.542	4.619E-2
6.559	4.739E-2
6.575	4.972E-2
6.592	5.330E-2
6.609	5.782E-2
6.626	6.332E-2
6.642	7.042E-2
6.659	7.841E-2
6.676	8.715E-2
6.693	9.673E-2
6.709	0.107
6.726	0.117
6.743	0.128
6.759	0.139
6.776	0.149
6.793	0.160
6.810	0.171
6.826	0.181
6.843	0.190
6.860	0.199
6.877	0.207
6.893	0.214
6.910	0.219
6.927	0.224
6.943	0.228
6.960	0.231
6.977	0.233
6.994	0.233
7.010	0.233
7.027	0.231
7.044	0.227
7.061	0.224
7.077	0.219
7.094	0.212
7.111	0.202
7.128	0.193
7.144	0.183
7.161	0.173
7.178	0.162
7.194	0.151
7.211	0.140
7.228	0.130
7.245	0.119
7.261	0.108
7.278	9.826E-2
7.295	8.845E-2
7.312	7.945E-2
7.328	7.124E-2
7.345	6.499E-2
7.362	5.896E-2
7.378	5.411E-2
7.395	5.025E-2
7.412	4.753E-2
7.429	4.824E-2
7.445	4.812E-2
7.462	5.025E-2
7.479	5.235E-2
7.496	5.544E-2
7.512	5.959E-2
7.529	6.509E-2
7.546	7.168E-2
7.563	7.938E-2
7.579	8.797E-2
7.596	9.715E-2
7.613	0.107
7.629	0.117
7.646	0.127
7.663	0.137
7.680	0.148
7.696	0.159
7.713	0.169
7.730	0.180
7.747	0.190
7.763	0.199
7.780	0.208
7.797	0.215
7.813	0.220
7.830	0.226
7.847	0.232
7.864	0.235
7.880	0.235
7.897	0.235
7.914	0.235
7.931	0.233
7.947	0.230
7.964	0.222
7.981	0.216
7.998	0.210
8.014	0.203
8.031	0.194
8.048	0.185
8.064	0.175
8.081	0.165
8.098	0.154
8.115	0.143
8.131	0.133
8.148	0.123
8.165	0.112
8.182	0.102
8.198	9.244E-2
8.215	8.334E-2
8.232	7.509E-2
8.248	6.778E-2
8.265	6.138E-2
8.282	5.660E-2
8.299	5.290E-2
8.315	5.023E-2
8.332	4.690E-2
8.349	4.673E-2
8.366	4.723E-2
8.382	4.918E-2
8.399	5.238E-2
8.416	5.642E-2
8.433	6.168E-2
8.449	6.814E-2
8.466	7.581E-2
8.483	8.459E-2
8.499	9.389E-2
8.516	0.104
8.533	0.114
8.550	0.125
8.566	0.135
8.583	0.145
8.600	0.156
8.617	0.167
8.633	0.177
8.650	0.186
8.667	0.195
8.683	0.204
8.700	0.211
8.717	0.217
8.734	0.222
8.750	0.226
8.767	0.229
8.784	0.234
8.801	0.235
8.817	0.234
8.834	0.232
8.851	0.229
8.868	0.225
8.884	0.219
8.901	0.214
8.918	0.207
8.934	0.198
8.951	0.189
8.968	0.179
8.985	0.169
9.001	0.159
9.018	0.148
9.035	0.137
9.052	0.127
9.068	0.117
9.085	0.106
9.102	9.666E-2
9.118	8.764E-2
9.135	7.931E-2
9.152	7.186E-2
9.169	6.559E-2
9.185	6.045E-2
9.202	5.664E-2
9.219	5.376E-2
9.236	5.159E-2
9.252	5.129E-2
9.269	5.168E-2
9.286	5.340E-2
9.303	5.608E-2
9.319	5.984E-2
9.336	6.498E-2
9.353	7.138E-2
9.369	7.889E-2
9.386	8.706E-2
9.403	9.589E-2
9.420	0.106
9.436	0.115
9.453	0.126
9.470	0.136
9.487	0.147
9.503	0.157
9.520	0.168
9.537	0.178
9.553	0.188
9.570	0.197
9.587	0.206
9.604	0.213
9.620	0.219
9.637	0.224
9.654	0.230
9.671	0.233
9.687	0.235
9.704	0.236
9.721	0.236
9.738	0.234
9.754	0.231
9.771	0.226
9.788	0.222
9.804	0.216
9.821	0.209
9.838	0.201
9.855	0.192
9.871	0.182
9.888	0.172
9.905	0.161
9.922	0.151
9.938	0.140
9.955	0.130
9.972	0.120
9.988	0.110
10.005	1.000E-1
10.022	9.092E-2
10.039	8.242E-2
10.055	7.510E-2
10.072	6.866E-2
10.089	6.355E-2
10.106	5.965E-2
10.122	5.656E-2
10.139	5.481E-2
10.156	5.398E-2
10.173	5.442E-2
10.189	5.594E-2
10.206	5.880E-2
10.223	6.246E-2
10.239	6.833E-2
10.256	7.439E-2
10.273	8.239E-2
10.290	9.030E-2
10.306	9.905E-2
10.323	0.109
10.340	0.119
10.357	0.130
10.373	0.140
10.390	0.150
10.407	0.161
10.423	0.172
10.440	0.180
10.457	0.190
10.474	0.199
10.490	0.207
10.507	0.214
10.524	0.220
10.541	0.226
10.557	0.232
10.574	0.235
10.591	0.237
10.608	0.238
10.624	0.238
10.641	0.236
10.658	0.233
10.674	0.229
10.691	0.224
10.708	0.216
10.725	0.210
10.741	0.202
10.758	0.193
10.775	0.184
10.792	0.174
10.808	0.161
10.825	0.151
10.842	0.140
10.858	0.130
10.875	0.120
10.892	0.110
10.909	9.991E-2
10.925	9.084E-2
10.942	8.271E-2
10.959	7.483E-2
10.976	6.822E-2
10.992	6.275E-2
11.009	5.830E-2
11.026	5.499E-2
11.043	5.293E-2
11.059	5.187E-2
11.076	5.183E-2
11.093	5.341E-2
11.109	5.588E-2
11.126	5.940E-2
11.143	6.420E-2
11.160	7.017E-2
11.176	7.703E-2
11.193	8.494E-2
11.210	9.357E-2
11.227	0.103
11.243	0.113
11.260	0.123
11.277	0.133
11.293	0.143
11.310	0.153
11.327	0.164
11.344	0.174
11.360	0.184
11.377	0.193
11.394	0.202
11.411	0.210
11.427	0.216
11.444	0.221
11.461	0.227
11.478	0.230
11.494	0.232
11.511	0.234
11.528	0.233
11.544	0.232
11.561	0.229
11.578	0.226
11.595	0.221
11.611	0.214
11.628	0.208
11.645	0.201
11.662	0.192
11.678	0.183
11.695	0.173
11.712	0.163
11.728	0.152
11.745	0.141
11.762	0.131
11.779	0.121
11.795	0.112
11.812	0.102
11.829	9.288E-2
11.846	8.413E-2
11.862	7.645E-2
11.879	6.998E-2
11.896	6.405E-2
11.913	5.949E-2
11.929	5.618E-2
11.946	5.561E-2
11.963	5.441E-2
11.979	5.444E-2
11.996	5.565E-2
12.013	5.809E-2
12.030	6.121E-2
12.046	6.596E-2
12.063	7.174E-2
12.080	7.859E-2
12.097	8.619E-2
12.113	9.496E-2
12.130	0.104
12.147	0.114
12.163	0.124
12.180	0.134
12.197	0.144
12.214	0.155
12.230	0.165
12.247	0.175
12.264	0.185
12.281	0.195
12.297	0.203
12.314	0.210
12.331	0.217
12.348	0.223
12.364	0.227
12.381	0.231
12.398	0.233
12.414	0.234
12.431	0.234
12.448	0.233
12.465	0.230
12.481	0.226
12.498	0.221
12.515	0.216
12.532	0.210
12.548	0.202
12.565	0.193
12.582	0.184
12.598	0.174
12.615	0.164
12.632	0.154
12.649	0.143
12.665	0.133
12.682	0.124
12.699	0.113
12.716	0.104
12.732	9.426E-2
12.749	8.568E-2
12.766	7.791E-2
12.782	7.138E-2
12.799	6.561E-2
12.816	6.107E-2
12.833	5.753E-2
12.849	5.293E-2
12.866	5.168E-2
12.883	5.162E-2
12.900	5.268E-2
12.916	5.514E-2
12.933	5.830E-2
12.950	6.243E-2
12.967	6.845E-2
12.983	7.507E-2
13.000	8.280E-2
13.017	9.085E-2
13.033	9.972E-2
13.050	0.109
13.067	0.120
13.084	0.130
13.100	0.140
13.117	0.150
13.134	0.160
13.151	0.170
13.167	0.180
13.184	0.189
13.201	0.197
13.217	0.205
13.234	0.212
13.251	0.217
13.268	0.221
13.284	0.225
13.301	0.228
13.318	0.229
13.335	0.229
13.351	0.228
13.368	0.226
13.385	0.223
13.402	0.218
13.418	0.213
13.435	0.207
13.452	0.200
13.468	0.192
13.485	0.182
13.502	0.173
13.519	0.163
13.535	0.153
13.552	0.142
13.569	0.133
13.586	0.123
13.602	0.112
13.619	0.103
13.636	9.353E-2
13.652	8.515E-2
13.669	7.740E-2
13.686	7.001E-2
13.703	6.394E-2
13.719	5.940E-2
13.736	5.626E-2
13.753	5.335E-2
13.770	5.092E-2
13.786	5.091E-2
13.803	5.111E-2
13.820	5.367E-2
13.837	5.649E-2
13.853	6.046E-2
13.870	6.570E-2
13.887	7.223E-2
13.903	7.970E-2
13.920	8.802E-2
13.937	9.700E-2
13.954	0.107
13.970	0.117
13.987	0.127
14.004	0.137
14.021	0.147
14.037	0.157
14.054	0.168
14.071	0.177
14.087	0.186
14.104	0.194
14.121	0.202
14.138	0.209
14.154	0.215
14.171	0.219
14.188	0.223
14.205	0.225
14.221	0.227
14.238	0.227
14.255	0.228
14.272	0.226
14.288	0.223
14.305	0.219
14.322	0.214
14.338	0.208
14.355	0.201
14.372	0.192
14.389	0.184
14.405	0.174
14.422	0.164
14.439	0.154
14.456	0.144
14.472	0.135
14.489	0.125
14.506	0.115
14.522	0.105
14.539	9.580E-2
14.556	8.718E-2
14.573	7.909E-2
14.589	7.199E-2
14.606	6.572E-2
14.623	6.094E-2
14.640	5.811E-2
14.656	5.557E-2
14.673	5.389E-2
14.690	5.385E-2
14.707	5.435E-2
14.723	5.625E-2
14.740	5.857E-2
14.757	6.267E-2
14.773	6.806E-2
14.790	7.427E-2
14.807	8.187E-2
14.824	9.014E-2
14.840	9.860E-2
14.857	0.108
14.874	0.118
14.891	0.128
14.907	0.138
14.924	0.147
14.941	0.158
14.957	0.168
14.974	0.177
14.991	0.186
15.008	0.195
15.024	0.203
15.041	0.210
15.058	0.215
15.075	0.219
15.091	0.223
15.108	0.226
15.125	0.230
15.142	0.230
15.158	0.230
15.175	0.227
15.192	0.224
15.208	0.221
15.225	0.216
15.242	0.210
15.259	0.203
15.275	0.195
15.292	0.187
15.309	0.177
15.326	0.168
15.342	0.158
15.359	0.147
15.376	0.137
15.392	0.127
15.409	0.117
15.426	0.107
15.443	9.752E-2
15.459	8.866E-2
15.476	8.080E-2
15.493	7.361E-2
15.510	6.766E-2
15.526	6.245E-2
15.543	5.853E-2
15.560	5.494E-2
15.577	5.340E-2
15.593	5.360E-2
15.610	5.695E-2
15.627	5.856E-2
15.643	6.108E-2
15.660	6.535E-2
15.677	7.018E-2
15.694	7.503E-2
15.710	8.184E-2
15.727	8.953E-2
15.744	9.864E-2
15.761	0.108
15.777	0.117
15.794	0.127
15.811	0.137
15.827	0.147
15.844	0.157
15.861	0.167
15.878	0.177
15.894	0.186
15.911	0.196
15.928	0.204
15.945	0.211
15.961	0.216
15.978	0.220
15.995	0.224
16.012	0.227
16.028	0.230
16.045	0.230
16.062	0.232
16.078	0.230
16.095	0.227
16.112	0.223
16.129	0.216
16.145	0.211
16.162	0.204
16.179	0.196
16.196	0.187
16.212	0.177
16.229	0.167
16.246	0.157
16.262	0.147
16.279	0.137
16.296	0.128
16.313	0.118
16.329	0.108
16.346	9.893E-2
16.363	9.038E-2
16.380	8.263E-2
16.396	7.565E-2
16.413	6.946E-2
16.430	6.436E-2
16.447	6.231E-2
16.463	5.967E-2
16.480	5.762E-2
16.497	5.628E-2
16.513	5.628E-2
16.530	5.792E-2
16.547	6.034E-2
16.564	6.414E-2
16.580	6.833E-2
16.597	7.419E-2
16.614	8.106E-2
16.631	8.855E-2
16.647	9.674E-2
16.664	0.106
16.681	0.115
16.697	0.125
16.714	0.135
16.731	0.145
16.748	0.155
16.764	0.165
16.781	0.175
16.798	0.185
16.815	0.194
16.831	0.202
16.848	0.209
16.865	0.215
16.882	0.220
16.898	0.224
16.915	0.227
16.932	0.228
16.948	0.229
16.965	0.229
16.982	0.228
16.999	0.225
17.015	0.222
17.032	0.217
17.049	0.211
17.066	0.205
17.082	0.197
17.099	0.188
17.116	0.179
17.132	0.170
17.149	0.159
17.166	0.149
17.183	0.139
17.199	0.130
17.216	0.121
17.233	0.111
17.250	0.102
17.266	9.294E-2
17.283	8.510E-2
17.300	7.790E-2
17.317	7.163E-2
17.333	6.642E-2
17.350	6.208E-2
17.367	5.928E-2
17.383	5.896E-2
17.400	5.815E-2
17.417	5.762E-2
17.434	5.923E-2
17.450	6.159E-2
17.467	6.523E-2
17.484	7.017E-2
17.501	7.606E-2
17.517	8.276E-2
17.534	9.037E-2
17.551	9.845E-2
17.567	0.107
17.584	0.117
17.601	0.127
17.618	0.136
17.634	0.146
17.651	0.156
17.668	0.166
17.685	0.176
17.701	0.185
17.718	0.194
17.735	0.202
17.752	0.209
17.768	0.215
17.785	0.220
17.802	0.225
17.818	0.228
17.835	0.230
17.852	0.232
17.869	0.232
17.885	0.230
17.902	0.228
17.919	0.224
17.936	0.219
17.952	0.214
17.969	0.208
17.986	0.200
18.002	0.192
18.019	0.183
18.036	0.174
18.053	0.164
18.069	0.154
18.086	0.144
18.103	0.134
18.120	0.125
18.136	0.115
18.153	0.106
18.170	9.707E-2
18.187	8.892E-2
18.203	8.153E-2
18.220	7.505E-2
18.237	6.972E-2
18.253	6.520E-2
18.270	6.206E-2
18.287	6.013E-2
18.304	5.963E-2
18.320	5.964E-2
18.337	6.086E-2
18.354	6.164E-2
18.371	6.519E-2
18.387	6.995E-2
18.404	7.561E-2
18.421	8.228E-2
18.437	8.958E-2
18.454	9.773E-2
18.471	0.106
18.488	0.116
18.504	0.125
18.521	0.135
18.538	0.145
18.555	0.155
18.571	0.165
18.588	0.175
18.605	0.184
18.622	0.192
18.638	0.201
18.655	0.208
18.672	0.214
18.688	0.219
18.705	0.223
18.722	0.227
18.739	0.230
18.755	0.232
18.772	0.232
18.789	0.230
18.806	0.228
18.822	0.224
18.839	0.220
18.856	0.215
18.872	0.209
18.889	0.202
18.906	0.194
18.923	0.185
18.939	0.176
18.956	0.166
18.973	0.156
18.990	0.146
19.006	0.137
19.023	0.128
19.040	0.118
19.057	0.109
19.073	9.979E-2
19.090	9.155E-2
19.107	8.406E-2
19.123	7.779E-2
19.140	7.217E-2
19.157	6.770E-2
19.174	6.454E-2
19.190	6.164E-2
19.207	6.059E-2
19.224	6.047E-2
19.241	6.160E-2
19.257	6.346E-2
19.274	6.701E-2
19.291	7.135E-2
19.307	7.675E-2
19.324	8.312E-2
19.341	9.041E-2
19.358	9.829E-2
19.374	0.107
19.391	0.116
19.408	0.126
19.425	0.135
19.441	0.145
19.458	0.155
19.475	0.164
19.492	0.174
19.508	0.184
19.525	0.192
19.542	0.200
19.558	0.207
19.575	0.214
19.592	0.219
19.609	0.224
19.625	0.227
19.642	0.230
19.659	0.231
19.676	0.231
19.692	0.229
19.709	0.227
19.726	0.224
19.742	0.220
19.759	0.215
19.776	0.209
19.793	0.202
19.809	0.194
19.826	0.186
19.843	0.177
19.860	0.167
19.876	0.157
19.893	0.147
19.910	0.138
19.927	0.129
19.943	0.119
19.960	0.110
19.977	0.101
19.993	9.322E-2
20.010	8.592E-2
20.027	7.923E-2
20.044	7.366E-2
20.060	6.916E-2
20.077	6.585E-2
20.094	6.318E-2
20.111	6.135E-2
20.127	6.133E-2
20.144	6.168E-2
20.161	6.370E-2
20.177	6.693E-2
20.194	7.123E-2
20.211	7.635E-2
20.228	8.249E-2
20.244	8.962E-2
20.261	9.767E-2
20.278	0.106
20.295	0.115
20.311	0.125
20.328	0.134
20.345	0.143
20.362	0.153
20.378	0.163
20.395	0.173
20.412	0.182
20.428	0.191
20.445	0.199
20.462	0.206
20.479	0.212
20.495	0.218
20.512	0.222
20.529	0.226
20.546	0.228
20.562	0.229
20.579	0.229
20.596	0.228
20.612	0.226
20.629	0.223
20.646	0.220
20.663	0.214
20.679	0.209
20.696	0.202
20.713	0.194
20.730	0.186
20.746	0.177
20.763	0.167
20.780	0.157
20.797	0.148
20.813	0.138
20.830	0.129
20.847	0.119
20.863	0.110
20.880	0.101
20.897	9.304E-2
20.914	8.568E-2
20.930	7.889E-2
20.947	7.329E-2
20.964	6.836E-2
20.981	6.459E-2
20.997	6.185E-2
21.014	5.985E-2
21.031	5.971E-2
21.047	5.995E-2
21.064	6.155E-2
21.081	6.433E-2
21.098	6.869E-2
21.114	7.383E-2
21.131	7.993E-2
21.148	8.697E-2
21.165	9.462E-2
21.181	0.103
21.198	0.112
21.215	0.121
21.232	0.131
21.248	0.140
21.265	0.150
21.282	0.159
21.298	0.169
21.315	0.178
21.332	0.187
21.349	0.195
21.365	0.203
21.382	0.209
21.399	0.215
21.416	0.219
21.432	0.223
21.449	0.226
21.466	0.228
21.482	0.228
21.499	0.227
21.516	0.225
21.533	0.222
21.549	0.219
21.566	0.214
21.583	0.208
21.600	0.201
21.616	0.193
21.633	0.185
21.650	0.176
21.667	0.167
21.683	0.157
21.700	0.148
21.717	0.138
21.733	0.129
21.750	0.120
21.767	0.110
21.784	0.101
21.800	9.333E-2
21.817	8.604E-2
21.834	7.911E-2
21.851	7.329E-2
21.867	6.858E-2
21.884	6.481E-2
21.901	6.243E-2
21.917	6.060E-2
21.934	6.047E-2
21.951	6.068E-2
21.968	6.229E-2
21.984	6.508E-2
22.001	6.877E-2
22.018	7.384E-2
22.035	7.980E-2
22.051	8.649E-2
22.068	9.388E-2
22.085	0.102
22.102	0.111
22.118	0.121
22.135	0.130
22.152	0.139
22.168	0.149
22.185	0.158
22.202	0.168
22.219	0.177
22.235	0.186
22.252	0.194
22.269	0.202
22.286	0.208
22.302	0.213
22.319	0.218
22.336	0.222
22.352	0.224
22.369	0.228
22.386	0.229
22.403	0.228
22.419	0.226
22.436	0.224
22.453	0.220
22.470	0.215
22.486	0.210
22.503	0.203
22.520	0.196
22.537	0.188
22.553	0.179
22.570	0.170
22.587	0.160
22.603	0.150
22.620	0.141
22.637	0.132
22.654	0.123
22.670	0.114
22.687	0.105
22.704	9.625E-2
22.721	8.880E-2
22.737	8.215E-2
22.754	7.637E-2
22.771	7.147E-2
22.787	6.746E-2
22.804	6.469E-2
22.821	6.329E-2
22.838	6.276E-2
22.854	6.304E-2
22.871	6.454E-2
22.888	6.736E-2
22.905	7.094E-2
22.921	7.584E-2
22.938	8.177E-2
22.955	8.842E-2
22.972	9.595E-2
22.988	0.104
23.005	0.113
23.022	0.122
23.038	0.131
23.055	0.140
23.072	0.149
23.089	0.159
23.105	0.169
23.122	0.178
23.139	0.186
23.156	0.195
23.172	0.202
23.189	0.209
23.206	0.215
23.222	0.220
23.239	0.223
23.256	0.226
23.273	0.228
23.289	0.229
23.306	0.228
23.323	0.227
23.340	0.224
23.356	0.221
23.373	0.216
23.390	0.211
23.407	0.204
23.423	0.197
23.440	0.189
23.457	0.181
23.473	0.171
23.490	0.162
23.507	0.152
23.524	0.143
23.540	0.133
23.557	0.124
23.574	0.115
23.591	0.106
23.607	9.798E-2
23.624	9.039E-2
23.641	8.360E-2
23.657	7.763E-2
23.674	7.275E-2
23.691	6.866E-2
23.708	6.562E-2
23.724	6.393E-2
23.741	6.336E-2
23.758	6.348E-2
23.775	6.475E-2
23.791	6.730E-2
23.808	7.063E-2
23.825	7.538E-2
23.842	8.108E-2
23.858	8.747E-2
23.875	9.485E-2
23.892	0.103
23.908	0.111
23.925	0.120
23.942	0.129
23.959	0.138
23.975	0.148
23.992	0.157
24.009	0.167
24.026	0.176
24.042	0.185
24.059	0.193
24.076	0.201
24.092	0.207
24.109	0.213
24.126	0.218
24.143	0.222
24.159	0.225
24.176	0.227
24.193	0.228
24.210	0.228
24.226	0.227
24.243	0.224
24.260	0.221
24.277	0.216
24.293	0.211
24.310	0.205
24.327	0.198
24.343	0.190
24.360	0.181
24.377	0.172
24.394	0.163
24.410	0.153
24.427	0.144
24.444	0.135
24.461	0.126
24.477	0.117
24.494	0.108
24.511	9.976E-2
24.527	9.205E-2
24.544	8.512E-2
24.561	7.908E-2
24.578	7.394E-2
24.594	6.987E-2
24.611	6.675E-2
24.628	6.461E-2
24.645	6.375E-2
24.661	6.365E-2
24.678	6.493E-2
24.695	6.733E-2
24.712	7.071E-2
24.728	7.511E-2
24.745	8.066E-2
24.762	8.685E-2
24.778	9.405E-2
24.795	0.102
24.812	0.110
24.829	0.119
24.845	0.128
24.862	0.137
24.879	0.146
24.896	0.156
24.912	0.166
24.929	0.175
24.946	0.184
24.962	0.192
24.979	0.200
24.996	0.207
25.013	0.212
25.029	0.217
25.046	0.221
25.063	0.224
25.080	0.227
25.096	0.228
25.113	0.228
25.130	0.227
25.147	0.224
25.163	0.221
25.180	0.217
25.197	0.212
25.213	0.206
25.230	0.199
25.247	0.191
25.264	0.182
25.280	0.174
25.297	0.164
25.314	0.155
25.331	0.145
25.347	0.136
25.364	0.127
25.381	0.118
25.397	0.109
25.414	0.101
25.431	9.326E-2
25.448	8.629E-2
25.464	8.022E-2
25.481	7.486E-2
25.498	7.039E-2
25.515	6.685E-2
25.531	6.475E-2
25.548	6.342E-2
25.565	6.369E-2
25.582	6.431E-2
25.598	6.725E-2
25.615	7.020E-2
25.632	7.472E-2
25.648	7.972E-2
25.665	8.610E-2
25.682	9.274E-2
25.699	0.101
25.715	0.109
25.732	0.118
25.749	0.127
25.766	0.136
25.782	0.145
25.799	0.155
25.816	0.164
25.832	0.173
25.849	0.182
25.866	0.190
25.883	0.198
25.899	0.204
25.916	0.210
25.933	0.215
25.950	0.220
25.966	0.222
25.983	0.225
26.000	0.226
26.017	0.226
26.033	0.225
26.050	0.223
26.067	0.220
26.083	0.216
26.100	0.211
26.117	0.205
26.134	0.199
26.150	0.191
26.167	0.183
26.184	0.174
26.201	0.165
26.217	0.156
26.234	0.146
26.251	0.137
26.267	0.129
26.284	0.120
26.301	0.111
26.318	0.102
26.334	9.453E-2
26.351	8.751E-2
26.368	8.127E-2
26.385	7.583E-2
26.401	7.127E-2
26.418	6.776E-2
26.435	6.546E-2
26.452	6.375E-2
26.468	6.351E-2
26.485	6.471E-2
26.502	6.660E-2
26.518	6.980E-2
26.535	7.386E-2
26.552	7.895E-2
26.569	8.513E-2
26.585	9.208E-2
26.602	9.940E-2
26.619	0.108
26.636	0.116
26.652	0.126
26.669	0.135
26.686	0.143
26.702	0.153
26.719	0.162
26.736	0.172
26.753	0.180
26.769	0.189
26.786	0.196
26.803	0.203
26.820	0.209
26.836	0.214
26.853	0.219
26.870	0.222
26.887	0.224
26.903	0.225
26.920	0.226
26.937	0.225
26.953	0.223
26.970	0.220
26.987	0.216
27.004	0.211
27.020	0.206
27.037	0.199
27.054	0.192
27.071	0.184
27.087	0.175
27.104	0.166
27.121	0.157
27.137	0.148
27.154	0.139
27.171	0.130
27.188	0.121
27.204	0.112
27.221	0.104
27.238	9.602E-2
27.255	8.879E-2
27.271	8.250E-2
27.288	7.707E-2
27.305	7.250E-2
27.322	6.909E-2
27.338	6.656E-2
27.355	6.361E-2
27.372	6.342E-2
27.388	6.384E-2
27.405	6.594E-2
27.422	6.888E-2
27.439	7.287E-2
27.455	7.787E-2
27.472	8.370E-2
27.489	9.029E-2
27.506	9.769E-2
27.522	0.106
27.539	0.114
27.556	0.123
27.572	0.132
27.589	0.141
27.606	0.150
27.623	0.159
27.639	0.168
27.656	0.177
27.673	0.185
27.690	0.193
27.706	0.200
27.723	0.207
27.740	0.212
27.757	0.216
27.773	0.220
27.790	0.221
27.807	0.223
27.823	0.223
27.840	0.223
27.857	0.221
27.874	0.219
27.890	0.215
27.907	0.211
27.924	0.205
27.941	0.199
27.957	0.191
27.974	0.183
27.991	0.175
28.007	0.166
28.024	0.157
28.041	0.147
28.058	0.139
28.074	0.130
28.091	0.121
28.108	0.112
28.125	0.103
28.141	9.574E-2
28.158	8.859E-2
28.175	8.219E-2
28.192	7.667E-2
28.208	7.202E-2
28.225	6.820E-2
28.242	6.534E-2
28.258	6.368E-2
28.275	6.322E-2
28.292	6.379E-2
28.309	6.542E-2
28.325	6.811E-2
28.342	7.180E-2
28.359	7.668E-2
28.376	8.254E-2
28.392	8.902E-2
28.409	9.639E-2
28.426	0.104
28.442	0.113
28.459	0.122
28.476	0.130
28.493	0.139
28.509	0.148
28.526	0.157
28.543	0.167
28.560	0.175
28.576	0.184
28.593	0.192
28.610	0.199
28.627	0.205
28.643	0.211
28.660	0.215
28.677	0.219
28.693	0.221
28.710	0.222
28.727	0.222
28.744	0.222
28.760	0.220
28.777	0.218
28.794	0.215
28.811	0.210
28.827	0.205
28.844	0.198
28.861	0.192
28.877	0.184
28.894	0.175
28.911	0.167
28.928	0.158
28.944	0.148
28.961	0.140
28.978	0.131
28.995	0.122
29.011	0.113
29.028	0.105
29.045	9.721E-2
29.062	9.005E-2
29.078	8.382E-2
29.095	7.794E-2
29.112	7.332E-2
29.128	6.936E-2
29.145	6.637E-2
29.162	6.461E-2
29.179	6.436E-2
29.195	6.453E-2
29.212	6.600E-2
29.229	6.864E-2
29.246	7.215E-2
29.262	7.684E-2
29.279	8.205E-2
29.296	8.821E-2
29.312	9.546E-2
29.329	0.103
29.346	0.112
29.363	0.120
29.379	0.129
29.396	0.138
29.413	0.147
29.430	0.156
29.446	0.165
29.463	0.174
29.480	0.182
29.497	0.190
29.513	0.197
29.530	0.204
29.547	0.209
29.563	0.214
29.580	0.218
29.597	0.221
29.614	0.222
29.630	0.223
29.647	0.223
29.664	0.221
29.681	0.219
29.697	0.216
29.714	0.212
29.731	0.207
29.747	0.201
29.764	0.193
29.781	0.186
29.798	0.178
29.814	0.169
29.831	0.160
29.848	0.151
29.865	0.142
29.881	0.133
29.898	0.124
29.915	0.115
29.932	0.107
29.948	9.888E-2
29.965	9.148E-2
29.982	8.514E-2
29.998	7.954E-2
30.015	7.458E-2
30.032	7.070E-2
30.049	6.812E-2
30.065	6.652E-2
30.082	6.543E-2
30.099	6.578E-2
30.116	6.709E-2
30.132	6.942E-2
30.149	7.272E-2
30.166	7.722E-2
30.182	8.272E-2
30.199	8.874E-2
30.216	9.572E-2
30.233	0.103
30.249	0.111
30.266	0.120
30.283	0.129
30.300	0.138
30.316	0.146
30.333	0.155
30.350	0.165
30.367	0.173
30.383	0.182
30.400	0.190
30.417	0.197
30.433	0.204
30.450	0.209
30.467	0.214
30.484	0.218
30.500	0.221
30.517	0.222
30.534	0.223
30.551	0.223
30.567	0.221
30.584	0.219
30.601	0.216
30.617	0.212
30.634	0.207
30.651	0.201
30.668	0.194
30.684	0.186
30.701	0.178
30.718	0.169
30.735	0.160
30.751	0.151
30.768	0.142
30.785	0.133
30.801	0.125
30.818	0.116
30.835	0.107
30.852	9.950E-2
30.868	9.196E-2
30.885	8.508E-2
30.902	7.923E-2
30.919	7.431E-2
30.935	7.047E-2
30.952	6.735E-2
30.969	6.521E-2
30.986	6.410E-2
31.002	6.384E-2
31.019	6.499E-2
31.036	6.721E-2
31.052	7.056E-2
31.069	7.471E-2
31.086	7.967E-2
31.103	8.574E-2
31.119	9.278E-2
31.136	0.100
31.153	0.108
31.170	0.117
31.186	0.126
31.203	0.134
31.220	0.142
31.236	0.152
31.253	0.161
31.270	0.169
31.287	0.178
31.303	0.186
31.320	0.194
31.337	0.201
31.354	0.206
31.370	0.211
31.387	0.215
31.404	0.218
31.421	0.220
31.437	0.222
31.454	0.222
31.471	0.221
31.487	0.220
31.504	0.217
31.521	0.212
31.538	0.208
31.554	0.202
31.571	0.195
31.588	0.187
31.605	0.179
31.621	0.170
31.638	0.162
31.655	0.152
31.671	0.143
31.688	0.134
31.705	0.126
31.722	0.117
31.738	0.109
31.755	0.101
31.772	9.356E-2
31.789	8.724E-2
31.805	8.146E-2
31.822	7.666E-2
31.839	7.268E-2
31.856	6.977E-2
31.872	6.737E-2
31.889	6.611E-2
31.906	6.608E-2
31.922	6.733E-2
31.939	6.922E-2
31.956	7.190E-2
31.973	7.570E-2
31.989	8.075E-2
32.006	8.646E-2
32.023	9.279E-2
32.040	0.100
32.056	0.108
32.073	0.116
32.090	0.125
32.106	0.133
32.123	0.141
32.140	0.150
32.157	0.160
32.173	0.168
32.190	0.176
32.207	0.185
32.224	0.192
32.240	0.199
32.257	0.206
32.274	0.210
32.291	0.214
32.307	0.218
32.324	0.220
32.341	0.221
32.357	0.221
32.374	0.220
32.391	0.219
32.408	0.216
32.424	0.212
32.441	0.208
32.458	0.201
32.475	0.195
32.491	0.187
32.508	0.179
32.525	0.171
32.541	0.162
32.558	0.153
32.575	0.143
32.592	0.135
32.608	0.127
32.625	0.118
32.642	0.110
32.659	0.102
32.675	9.453E-2
32.692	8.797E-2
32.709	8.197E-2
32.726	7.684E-2
32.742	7.292E-2
32.759	6.887E-2
32.776	6.661E-2
32.792	6.530E-2
32.809	6.522E-2
32.826	6.599E-2
32.843	6.800E-2
32.859	7.090E-2
32.876	7.480E-2
32.893	7.951E-2
32.910	8.528E-2
32.926	9.184E-2
32.943	9.897E-2
32.960	0.107
32.976	0.115
32.993	0.124
33.010	0.132
33.027	0.141
33.043	0.150
33.060	0.159
33.077	0.167
33.094	0.176
33.110	0.184
33.127	0.192
33.144	0.198
33.161	0.204
33.177	0.209
33.194	0.213
33.211	0.216
33.227	0.219
33.244	0.221
33.261	0.221
33.278	0.220
33.294	0.218
33.311	0.215
33.328	0.212
33.345	0.207
33.361	0.202
33.378	0.195
33.395	0.188
33.411	0.180
33.428	0.172
33.445	0.164
33.462	0.154
33.478	0.145
33.495	0.136
33.512	0.128
33.529	0.120
33.545	0.111
33.562	0.103
33.579	9.540E-2
33.596	8.872E-2
33.612	8.279E-2
33.629	7.767E-2
33.646	7.323E-2
33.662	6.973E-2
33.679	6.710E-2
33.696	6.586E-2
33.713	6.569E-2
33.729	6.614E-2
33.746	6.800E-2
33.763	7.088E-2
33.780	7.455E-2
33.796	7.924E-2
33.813	8.499E-2
33.830	9.122E-2
33.846	9.843E-2
33.863	0.106
33.880	0.114
33.897	0.123
33.913	0.131
33.930	0.140
33.947	0.149
33.964	0.158
33.980	0.167
33.997	0.175
34.014	0.183
34.031	0.191
34.047	0.198
34.064	0.204
34.081	0.209
34.097	0.213
34.114	0.216
34.131	0.218
34.148	0.219
34.164	0.219
34.181	0.218
34.198	0.216
34.215	0.214
34.231	0.211
34.248	0.206
34.265	0.201
34.281	0.195
34.298	0.188
34.315	0.180
34.332	0.172
34.348	0.163
34.365	0.154
34.382	0.145
34.399	0.137
34.415	0.128
34.432	0.120
34.449	0.111
34.466	0.103
34.482	9.571E-2
34.499	8.880E-2
34.516	8.283E-2
34.532	7.750E-2
34.549	7.317E-2
34.566	6.964E-2
34.583	6.717E-2
34.599	6.576E-2
34.616	6.546E-2
34.633	6.586E-2
34.650	6.748E-2
34.666	7.010E-2
34.683	7.359E-2
34.700	7.819E-2
34.716	8.356E-2
34.733	8.977E-2
34.750	9.675E-2
34.767	0.105
34.783	0.112
34.800	0.121
34.817	0.130
34.834	0.138
34.850	0.146
34.867	0.155
34.884	0.164
34.901	0.173
34.917	0.181
34.934	0.188
34.951	0.195
34.967	0.201
34.984	0.206
35.001	0.210
35.018	0.214
35.034	0.216
35.051	0.218
35.068	0.218
35.085	0.218
35.101	0.216
35.118	0.214
35.135	0.210
35.151	0.206
35.168	0.200
35.185	0.195
35.202	0.188
35.218	0.180
35.235	0.172
35.252	0.164
35.269	0.155
35.285	0.146
35.302	0.137
35.319	0.129
35.336	0.121
35.352	0.112
35.369	0.104
35.386	9.645E-2
35.402	8.935E-2
35.419	8.322E-2
35.436	7.811E-2
35.453	7.307E-2
35.469	6.937E-2
35.486	6.679E-2
35.503	6.522E-2
35.520	6.508E-2
35.536	6.503E-2
35.553	6.679E-2
35.570	6.895E-2
35.586	7.275E-2
35.603	7.737E-2
35.620	8.287E-2
35.637	8.865E-2
35.653	9.575E-2
35.670	0.103
35.687	0.111
35.704	0.119
35.720	0.128
35.737	0.137
35.754	0.145
35.771	0.153
35.787	0.162
35.804	0.170
35.821	0.179
35.837	0.186
35.854	0.193
35.871	0.199
35.888	0.204
35.904	0.209
35.921	0.212
35.938	0.215
35.955	0.216
35.971	0.216
35.988	0.216
36.005	0.215
36.021	0.212
36.038	0.209
36.055	0.205
36.072	0.200
36.088	0.194
36.105	0.187
36.122	0.180
36.139	0.172
36.155	0.164
36.172	0.155
36.189	0.146
36.206	0.138
36.222	0.129
36.239	0.121
36.256	0.113
36.272	0.105
36.289	9.711E-2
36.306	9.039E-2
36.323	8.391E-2
36.339	7.807E-2
36.356	7.332E-2
36.373	6.910E-2
36.390	6.657E-2
36.406	6.472E-2
36.423	6.357E-2
36.440	6.352E-2
36.456	6.536E-2
36.473	6.759E-2
36.490	7.121E-2
36.507	7.560E-2
36.523	8.099E-2
36.540	8.678E-2
36.557	9.324E-2
36.574	0.101
36.590	0.109
36.607	0.117
36.624	0.125
36.641	0.134
36.657	0.142
36.674	0.151
36.691	0.160
36.707	0.168
36.724	0.176
36.741	0.184
36.758	0.191
36.774	0.197
36.791	0.202
36.808	0.207
36.825	0.211
36.841	0.213
36.858	0.215
36.875	0.216
36.891	0.216
36.908	0.215
36.925	0.212
36.942	0.209
36.958	0.205
36.975	0.201
36.992	0.194
37.009	0.188
37.025	0.181
37.042	0.173
37.059	0.165
37.076	0.156
37.092	0.147
37.109	0.139
37.126	0.131
37.142	0.122
37.159	0.114
37.176	0.106
37.193	9.829E-2
37.209	9.157E-2
37.226	8.474E-2
37.243	7.958E-2
37.260	7.414E-2
37.276	7.068E-2
37.293	6.762E-2
37.310	6.588E-2
37.326	6.516E-2
37.343	6.502E-2
37.360	6.628E-2
37.377	6.865E-2
37.393	7.142E-2
37.410	7.580E-2
37.427	8.076E-2
37.444	8.663E-2
37.460	9.299E-2
37.477	0.100
37.494	0.108
37.511	0.116
37.527	0.125
37.544	0.133
37.561	0.141
37.577	0.149
37.594	0.158
37.611	0.167
37.628	0.175
37.644	0.183
37.661	0.189
37.678	0.196
37.695	0.201
37.711	0.206
37.728	0.210
37.745	0.212
37.761	0.214
37.778	0.217
37.795	0.217
37.812	0.216
37.828	0.214
37.845	0.211
37.862	0.207
37.879	0.203
37.895	0.197
37.912	0.190
37.929	0.183
37.946	0.175
37.962	0.167
37.979	0.159
37.996	0.150
38.012	0.141
38.029	0.133
38.046	0.125
38.063	0.116
38.079	0.108
38.096	0.100
38.113	9.333E-2
38.130	8.703E-2
38.146	8.136E-2
38.163	7.650E-2
38.180	7.237E-2
38.196	6.939E-2
38.213	6.736E-2
38.230	6.665E-2
38.247	6.668E-2
38.263	6.794E-2
38.280	7.019E-2
38.297	7.329E-2
38.314	7.707E-2
38.330	8.207E-2
38.347	8.777E-2
38.364	9.394E-2
38.381	0.101
38.397	0.109
38.414	0.117
38.431	0.125
38.447	0.133
38.464	0.141
38.481	0.150
38.498	0.158
38.514	0.166
38.531	0.174
38.548	0.182
38.565	0.189
38.581	0.195
38.598	0.201
38.615	0.206
38.631	0.210
38.648	0.214
38.665	0.216
38.682	0.217
38.698	0.217
38.715	0.217
38.732	0.215
38.749	0.213
38.765	0.209
38.782	0.203
38.799	0.198
38.816	0.191
38.832	0.184
38.849	0.177
38.866	0.169
38.882	0.160
38.899	0.152
38.916	0.143
38.933	0.135
38.949	0.127
38.966	0.119
38.983	0.111
39.000	0.103
39.016	9.611E-2
39.033	8.972E-2
39.050	8.416E-2
39.066	7.947E-2
39.083	7.525E-2
39.100	7.218E-2
39.117	6.962E-2
39.133	6.839E-2
39.150	6.834E-2
39.167	6.927E-2
39.184	7.112E-2
39.200	7.402E-2
39.217	7.773E-2
39.234	8.253E-2
39.251	8.788E-2
39.267	9.418E-2
39.284	0.101
39.301	0.109
39.317	0.117
39.334	0.125
39.351	0.133
39.368	0.141
39.384	0.150
39.401	0.158
39.418	0.167
39.435	0.175
39.451	0.183
39.468	0.190
39.485	0.196
39.501	0.202
39.518	0.207
39.535	0.211
39.552	0.214
39.568	0.216
39.585	0.217
39.602	0.218
39.619	0.217
39.635	0.215
39.652	0.212
39.669	0.209
39.686	0.204
39.702	0.199
39.719	0.193
39.736	0.186
39.752	0.178
39.769	0.171
39.786	0.162
39.803	0.154
39.819	0.145
39.836	0.137
39.853	0.129
39.870	0.121
39.886	0.113
39.903	0.105
39.920	9.823E-2
39.936	9.198E-2
39.953	8.599E-2
39.970	8.118E-2
39.987	7.726E-2
40.003	7.377E-2
40.020	7.166E-2
40.037	7.062E-2
40.054	7.029E-2
40.070	7.037E-2
40.087	7.228E-2
40.104	7.489E-2
40.121	7.836E-2
40.137	8.311E-2
40.154	8.857E-2
40.171	9.468E-2
40.187	0.101
40.204	0.109
40.221	0.117
40.238	0.125
40.254	0.133
40.271	0.141
40.288	0.149
40.305	0.158
40.321	0.167
40.338	0.175
40.355	0.182
40.371	0.190
40.388	0.196
40.405	0.202
40.422	0.207
40.438	0.211
40.455	0.214
40.472	0.217
40.489	0.218
40.505	0.219
40.522	0.218
40.539	0.216
40.556	0.214
40.572	0.209
40.589	0.205
40.606	0.200
40.622	0.194
40.639	0.187
40.656	0.180
40.673	0.172
40.689	0.164
40.706	0.155
40.723	0.147
40.740	0.139
40.756	0.131
40.773	0.122
40.790	0.114
40.806	0.107
40.823	9.946E-2
40.840	9.302E-2
40.857	8.719E-2
40.873	8.226E-2
40.890	7.796E-2
40.907	7.480E-2
40.924	7.188E-2
40.940	7.049E-2
40.957	7.023E-2
40.974	7.063E-2
40.991	7.224E-2
41.007	7.475E-2
41.024	7.827E-2
41.041	8.273E-2
41.057	8.790E-2
41.074	9.397E-2
41.091	0.101
41.108	0.108
41.124	0.116
41.141	0.124
41.158	0.132
41.175	0.140
41.191	0.148
41.208	0.157
41.225	0.165
41.241	0.173
41.258	0.181
41.275	0.188
41.292	0.195
41.308	0.201
41.325	0.206
41.342	0.210
41.359	0.213
41.375	0.215
41.392	0.216
41.409	0.217
41.426	0.216
41.442	0.215
41.459	0.213
41.476	0.209
41.492	0.205
41.509	0.200
41.526	0.194
41.543	0.188
41.559	0.180
41.576	0.173
41.593	0.165
41.610	0.156
41.626	0.148
41.643	0.140
41.660	0.132
41.676	0.124
41.693	0.116
41.710	0.108
41.727	0.101
41.743	9.454E-2
41.760	8.885E-2
41.777	8.381E-2
41.794	7.950E-2
41.810	7.624E-2
41.827	7.364E-2
41.844	7.212E-2
41.861	7.037E-2
41.877	7.064E-2
41.894	7.210E-2
41.911	7.441E-2
41.927	7.768E-2
41.944	8.197E-2
41.961	8.715E-2
41.978	9.293E-2
41.994	9.973E-2
42.011	0.107
42.028	0.114
42.045	0.123
42.061	0.130
42.078	0.138
42.095	0.147
42.111	0.155
42.128	0.164
42.145	0.172
42.162	0.179
42.178	0.187
42.195	0.193
42.212	0.199
42.229	0.204
42.245	0.209
42.262	0.212
42.279	0.214
42.296	0.215
42.312	0.216
42.329	0.216
42.346	0.215
42.362	0.212
42.379	0.209
42.396	0.206
42.413	0.201
42.429	0.195
42.446	0.188
42.463	0.181
42.480	0.173
42.496	0.166
42.513	0.157
42.530	0.149
42.546	0.140
42.563	0.133
42.580	0.125
42.597	0.117
42.613	0.109
42.630	0.102
42.647	9.572E-2
42.664	8.958E-2
42.680	8.440E-2
42.697	7.994E-2
42.714	7.640E-2
42.731	7.367E-2
42.747	7.212E-2
42.764	6.962E-2
42.781	6.985E-2
42.797	7.130E-2
42.814	7.357E-2
42.831	7.679E-2
42.848	8.085E-2
42.864	8.563E-2
42.881	9.136E-2
42.898	9.776E-2
42.915	0.105
42.931	0.112
42.948	0.120
42.965	0.128
42.981	0.136
42.998	0.144
43.015	0.152
43.032	0.160
43.048	0.169
43.065	0.176
43.082	0.184
43.099	0.190
43.115	0.196
43.132	0.201
43.149	0.205
43.166	0.209
43.182	0.211
43.199	0.213
43.216	0.214
43.232	0.214
43.249	0.212
43.266	0.210
43.283	0.207
43.299	0.203
43.316	0.199
43.333	0.193
43.350	0.187
43.366	0.180
43.383	0.172
43.400	0.164
43.416	0.156
43.433	0.148
43.450	0.140
43.467	0.132
43.483	0.124
43.500	0.116
43.517	0.109
43.534	0.101
43.550	9.500E-2
43.567	8.907E-2
43.584	8.396E-2
43.601	7.953E-2
43.617	7.596E-2
43.634	7.327E-2
43.651	7.167E-2
43.667	7.099E-2
43.684	7.111E-2
43.701	7.231E-2
43.718	7.446E-2
43.734	7.759E-2
43.751	8.162E-2
43.768	8.631E-2
43.785	9.169E-2
43.801	9.769E-2
43.818	0.105
43.835	0.112
43.851	0.120
43.868	0.128
43.885	0.136
43.902	0.143
43.918	0.152
43.935	0.160
43.952	0.168
43.969	0.176
43.985	0.184
44.002	0.190
44.019	0.196
44.036	0.202
44.052	0.206
44.069	0.209
44.086	0.212
44.102	0.214
44.119	0.215
44.136	0.215
44.153	0.213
44.169	0.211
44.186	0.209
44.203	0.205
44.220	0.200
44.236	0.195
44.253	0.189
44.270	0.181
44.286	0.174
44.303	0.167
44.320	0.158
44.337	0.150
44.353	0.142
44.370	0.134
44.387	0.126
44.404	0.118
44.420	0.111
44.437	0.104
44.454	9.694E-2
44.471	9.093E-2
44.487	8.573E-2
44.504	8.139E-2
44.521	7.771E-2
44.537	7.494E-2
44.554	7.315E-2
44.571	7.227E-2
44.588	7.229E-2
44.604	7.334E-2
44.621	7.534E-2
44.638	7.818E-2
44.655	8.180E-2
44.671	8.650E-2
44.688	9.177E-2
44.705	9.814E-2
44.721	0.105
44.738	0.112
44.755	0.120
44.772	0.128
44.788	0.135
44.805	0.143
44.822	0.152
44.839	0.159
44.855	0.167
44.872	0.176
44.889	0.182
44.906	0.189
44.922	0.196
44.939	0.201
44.956	0.205
44.972	0.208
44.989	0.212
45.006	0.213
45.023	0.214
45.039	0.214
45.056	0.213
45.073	0.211
45.090	0.208
45.106	0.205
45.123	0.200
45.140	0.195
45.156	0.189
45.173	0.182
45.190	0.175
45.207	0.168
45.223	0.160
45.240	0.151
45.257	0.143
45.274	0.135
45.290	0.127
45.307	0.120
45.324	0.112
45.341	0.105
45.357	9.820E-2
45.374	9.193E-2
45.391	8.681E-2
45.407	8.231E-2
45.424	7.873E-2
45.441	7.586E-2
45.458	7.416E-2
45.474	7.304E-2
45.491	7.332E-2
45.508	7.446E-2
45.525	7.628E-2
45.541	7.901E-2
45.558	8.285E-2
45.575	8.727E-2
45.591	9.234E-2
45.608	9.818E-2
45.625	0.105
45.642	0.112
45.658	0.120
45.675	0.127
45.692	0.135
45.709	0.143
45.725	0.151
45.742	0.159
45.759	0.167
45.776	0.175
45.792	0.182
45.809	0.189
45.826	0.195
45.842	0.201
45.859	0.205
45.876	0.209
45.893	0.211
45.909	0.213
45.926	0.214
45.943	0.214
45.960	0.214
45.976	0.212
45.993	0.209
46.010	0.206
46.026	0.202
46.043	0.197
46.060	0.191
46.077	0.184
46.093	0.177
46.110	0.169
46.127	0.161
46.144	0.153
46.160	0.145
46.177	0.137
46.194	0.129
46.211	0.122
46.227	0.114
46.244	0.106
46.261	0.100
46.277	9.387E-2
46.294	8.849E-2
46.311	8.397E-2
46.328	8.037E-2
46.344	7.729E-2
46.361	7.543E-2
46.378	7.408E-2
46.395	7.372E-2
46.411	7.452E-2
46.428	7.630E-2
46.445	7.895E-2
46.461	8.237E-2
46.478	8.687E-2
46.495	9.220E-2
46.512	9.818E-2
46.528	0.104
46.545	0.112
46.562	0.119
46.579	0.127
46.595	0.134
46.612	0.142
46.629	0.150
46.646	0.158
46.662	0.166
46.679	0.174
46.696	0.181
46.712	0.188
46.729	0.194
46.746	0.200
46.763	0.204
46.779	0.208
46.796	0.211
46.813	0.212
46.830	0.214
46.846	0.214
46.863	0.214
46.880	0.212
46.896	0.209
46.913	0.206
46.930	0.202
46.947	0.197
46.963	0.191
46.980	0.185
46.997	0.177
47.014	0.170
47.030	0.162
47.047	0.154
47.064	0.146
47.081	0.138
47.097	0.131
47.114	0.123
47.131	0.115
47.147	0.108
47.164	0.102
47.181	9.561E-2
47.198	8.990E-2
47.214	8.525E-2
47.231	8.154E-2
47.248	7.861E-2
47.265	7.643E-2
47.281	7.523E-2
47.298	7.491E-2
47.315	7.529E-2
47.331	7.694E-2
47.348	7.922E-2
47.365	8.261E-2
47.382	8.698E-2
47.398	9.194E-2
47.415	9.755E-2
47.432	0.104
47.449	0.111
47.465	0.118
47.482	0.126
47.499	0.133
47.516	0.141
47.532	0.149
47.549	0.157
47.566	0.165
47.582	0.172
47.599	0.180
47.616	0.186
47.633	0.192
47.649	0.198
47.666	0.203
47.683	0.207
47.700	0.209
47.716	0.211
47.733	0.213
47.750	0.213
47.766	0.213
47.783	0.211
47.800	0.209
47.817	0.206
47.833	0.202
47.850	0.197
47.867	0.191
47.884	0.185
47.900	0.178
47.917	0.171
47.934	0.163
47.951	0.155
47.967	0.147
47.984	0.139
48.001	0.132
48.017	0.124
48.034	0.117
48.051	0.109
48.068	0.103
48.084	9.640E-2
48.101	9.097E-2
48.118	8.621E-2
48.135	8.209E-2
48.151	7.873E-2
48.168	7.662E-2
48.185	7.521E-2
48.201	7.485E-2
48.218	7.526E-2
48.235	7.675E-2
48.252	7.900E-2
48.268	8.235E-2
48.285	8.670E-2
48.302	9.152E-2
48.319	9.705E-2
48.335	0.103
48.352	0.110
48.369	0.117
48.386	0.125
48.402	0.132
48.419	0.140
48.436	0.147
48.452	0.155
48.469	0.163
48.486	0.171
48.503	0.178
48.519	0.185
48.536	0.191
48.553	0.197
48.570	0.202
48.586	0.206
48.603	0.209
48.620	0.211
48.636	0.213
48.653	0.213
48.670	0.213
48.687	0.211
48.703	0.209
48.720	0.206
48.737	0.202
48.754	0.198
48.770	0.192
48.787	0.186
48.804	0.179
48.820	0.172
48.837	0.164
48.854	0.156
48.871	0.149
48.887	0.141
48.904	0.133
48.921	0.125
48.938	0.118
48.954	0.111
48.971	0.104
48.988	9.814E-2
49.005	9.198E-2
49.021	8.707E-2
49.038	8.313E-2
49.055	8.011E-2
49.071	7.730E-2
49.088	7.598E-2
49.105	7.587E-2
49.122	7.618E-2
49.138	7.738E-2
49.155	7.986E-2
49.172	8.300E-2
49.189	8.679E-2
49.205	9.173E-2
49.222	9.725E-2
49.239	0.103
49.255	0.110
49.272	0.117
49.289	0.124
49.306	0.132
49.322	0.139
49.339	0.147
49.356	0.155
49.373	0.163
49.389	0.171
49.406	0.178
49.423	0.185
49.440	0.191
49.456	0.196
49.473	0.201
49.490	0.205
49.506	0.208
49.523	0.210
49.540	0.212
49.557	0.212
49.573	0.212
49.590	0.210
49.607	0.208
49.624	0.205
49.640	0.201
49.657	0.197
49.674	0.191
49.690	0.185
49.707	0.179
49.724	0.172
49.741	0.164
49.757	0.157
49.774	0.148
49.791	0.141
49.808	0.134
49.824	0.126
49.841	0.118
49.858	0.111
49.875	0.104
49.891	9.805E-2
49.908	9.249E-2
49.925	8.775E-2
49.941	8.366E-2
49.958	8.009E-2
49.975	7.769E-2
49.992	7.614E-2
50.008	7.570E-2
50.025	7.604E-2
50.042	7.737E-2
50.059	7.948E-2
50.075	8.226E-2
50.092	8.572E-2
50.109	9.048E-2
50.125	9.589E-2
50.142	0.102
50.159	0.109
50.176	0.116
50.192	0.123
50.209	0.130
50.226	0.138
50.243	0.145
50.259	0.153
50.276	0.161
50.293	0.169
50.310	0.176
50.326	0.182
50.343	0.189
50.360	0.195
50.376	0.199
50.393	0.204
50.410	0.207
50.427	0.209
50.443	0.210
50.460	0.211
50.477	0.211
50.494	0.209
50.510	0.207
50.527	0.205
50.544	0.201
50.560	0.197
50.577	0.192
50.594	0.186
50.611	0.179
50.627	0.172
50.644	0.164
50.661	0.157
50.678	0.149
50.694	0.141
50.711	0.133
50.728	0.126
50.745	0.119
50.761	0.112
50.778	0.105
50.795	9.832E-2
50.811	9.249E-2
50.828	8.754E-2
50.845	8.313E-2
50.862	7.985E-2
50.878	7.733E-2
50.895	7.582E-2
50.912	7.522E-2
50.929	7.508E-2
50.945	7.617E-2
50.962	7.809E-2
50.979	8.096E-2
50.995	8.446E-2
51.012	8.919E-2
51.029	9.446E-2
51.046	0.100
51.062	0.107
51.079	0.114
51.096	0.121
51.113	0.129
51.129	0.136
51.146	0.144
51.163	0.152
51.180	0.160
51.196	0.167
51.213	0.175
51.230	0.182
51.246	0.188
51.263	0.193
51.280	0.198
51.297	0.202
51.313	0.206
51.330	0.209
51.347	0.210
51.364	0.211
51.380	0.211
51.397	0.210
51.414	0.209
51.430	0.206
51.447	0.202
51.464	0.198
51.481	0.193
51.497	0.187
51.514	0.181
51.531	0.174
51.548	0.166
51.564	0.159
51.581	0.151
51.598	0.143
51.615	0.136
51.631	0.128
51.648	0.121
51.665	0.114
51.681	0.107
51.698	0.101
51.715	9.503E-2
51.732	8.987E-2
51.748	8.560E-2
51.765	8.228E-2
51.782	7.937E-2
51.799	7.746E-2
51.815	7.629E-2
51.832	7.634E-2
51.849	7.726E-2
51.865	7.915E-2
51.882	8.196E-2
51.899	8.525E-2
51.916	8.972E-2
51.932	9.499E-2
51.949	0.101
51.966	0.107
51.983	0.114
51.999	0.121
52.016	0.128
52.033	0.136
52.050	0.143
52.066	0.151
52.083	0.159
52.100	0.167
52.116	0.174
52.133	0.181
52.150	0.187
52.167	0.193
52.183	0.198
52.200	0.202
52.217	0.206
52.234	0.208
52.250	0.210
52.267	0.211
52.284	0.211
52.300	0.211
52.317	0.209
52.334	0.206
52.351	0.203
52.367	0.199
52.384	0.194
52.401	0.188
52.418	0.182
52.434	0.175
52.451	0.168
52.468	0.160
52.485	0.152
52.501	0.145
52.518	0.137
52.535	0.129
52.551	0.122
52.568	0.115
52.585	0.108
52.602	0.102
52.618	9.616E-2
52.635	9.107E-2
52.652	8.674E-2
52.669	8.318E-2
52.685	8.037E-2
52.702	7.852E-2
52.719	7.763E-2
52.735	7.766E-2
52.752	7.845E-2
52.769	8.015E-2
52.786	8.280E-2
52.802	8.630E-2
52.819	9.036E-2
52.836	9.515E-2
52.853	0.101
52.869	0.107
52.886	0.114
52.903	0.121
52.920	0.128
52.936	0.135
52.953	0.142
52.970	0.150
52.986	0.158
53.003	0.165
53.020	0.173
53.037	0.180
53.053	0.186
53.070	0.192
53.087	0.197
53.104	0.201
53.120	0.205
53.137	0.208
53.154	0.210
53.170	0.210
53.187	0.210
53.204	0.210
53.221	0.208
53.237	0.206
53.254	0.203
53.271	0.199
53.288	0.194
53.304	0.188
53.321	0.182
53.338	0.175
53.355	0.168
53.371	0.161
53.388	0.153
53.405	0.145
53.421	0.138
53.438	0.131
53.455	0.124
53.472	0.116
53.488	0.109
53.505	0.103
53.522	9.706E-2
53.539	9.194E-2
53.555	8.749E-2
53.572	8.382E-2
53.589	8.121E-2
53.605	7.930E-2
53.622	7.789E-2
53.639	7.778E-2
53.656	7.842E-2
53.672	8.017E-2
53.689	8.259E-2
53.706	8.583E-2
53.723	8.988E-2
53.739	9.462E-2
53.756	0.100
53.773	0.106
53.790	0.113
53.806	0.120
53.823	0.127
53.840	0.135
53.856	0.142
53.873	0.150
53.890	0.157
53.907	0.165
53.923	0.172
53.940	0.179
53.957	0.186
53.974	0.191
53.990	0.197
54.007	0.201
54.024	0.205
54.040	0.207
54.057	0.209
54.074	0.210
54.091	0.210
54.107	0.210
54.124	0.209
54.141	0.206
54.158	0.203
54.174	0.199
54.191	0.195
54.208	0.189
54.225	0.183
54.241	0.177
54.258	0.169
54.275	0.162
54.291	0.154
54.308	0.147
54.325	0.139
54.342	0.132
54.358	0.125
54.375	0.117
54.392	0.110
54.409	0.104
54.425	9.827E-2
54.442	9.286E-2
54.459	8.834E-2
54.475	8.470E-2
54.492	8.162E-2
54.509	7.931E-2
54.526	7.806E-2
54.542	7.771E-2
54.559	7.811E-2
54.576	7.939E-2
54.593	8.171E-2
54.609	8.514E-2
54.626	8.915E-2
54.643	9.385E-2
54.660	9.921E-2
54.676	0.105
54.693	0.112
54.710	0.119
54.726	0.126
54.743	0.133
54.760	0.140
54.777	0.148
54.793	0.156
54.810	0.164
54.827	0.171
54.844	0.178
54.860	0.185
54.877	0.191
54.894	0.196
54.910	0.200
54.927	0.204
54.944	0.207
54.961	0.209
54.977	0.210
54.994	0.210
55.011	0.210
55.028	0.209
55.044	0.207
55.061	0.203
55.078	0.201
55.095	0.195
55.111	0.190
55.128	0.184
55.145	0.177
55.161	0.171
55.178	0.163
55.195	0.155
55.212	0.147
55.228	0.140
55.245	0.133
55.262	0.125
55.279	0.118
55.295	0.111
55.312	0.105
55.329	9.876E-2
55.345	9.374E-2
55.362	8.907E-2
55.379	8.541E-2
55.396	8.239E-2
55.412	8.031E-2
55.429	7.891E-2
55.446	7.867E-2
55.463	7.879E-2
55.479	8.044E-2
55.496	8.294E-2
55.513	8.581E-2
55.530	8.946E-2
55.546	9.401E-2
55.563	9.924E-2
55.580	0.105
55.596	0.112
55.613	0.119
55.630	0.126
55.647	0.133
55.663	0.140
55.680	0.147
55.697	0.155
55.714	0.163
55.730	0.170
55.747	0.177
55.764	0.183
55.780	0.189
55.797	0.194
55.814	0.199
55.831	0.203
55.847	0.206
55.864	0.208
55.881	0.210
55.898	0.210
55.914	0.210
55.931	0.209
55.948	0.207
55.965	0.204
55.981	0.201
55.998	0.196
56.015	0.191
56.031	0.185
56.048	0.179
56.065	0.171
56.082	0.164
56.098	0.156
56.115	0.149
56.132	0.141
56.149	0.134
56.165	0.126
56.182	0.119
56.199	0.112
56.215	0.106
56.232	0.100
56.249	9.456E-2
56.266	8.976E-2
56.282	8.576E-2
56.299	8.268E-2
56.316	8.040E-2
56.333	7.897E-2
56.349	7.847E-2
56.366	7.890E-2
56.383	8.023E-2
56.400	8.227E-2
56.416	8.499E-2
56.433	8.845E-2
56.450	9.271E-2
56.466	9.778E-2
56.483	0.104
56.500	0.110
56.517	0.117
56.533	0.124
56.550	0.131
56.567	0.138
56.584	0.146
56.600	0.154
56.617	0.161
56.634	0.168
56.650	0.175
56.667	0.182
56.684	0.188
56.701	0.193
56.717	0.198
56.734	0.202
56.751	0.205
56.768	0.207
56.784	0.209
56.801	0.209
56.818	0.209
56.835	0.208
56.851	0.206
56.868	0.203
56.885	0.200
56.901	0.195
56.918	0.190
56.935	0.184
56.952	0.178
56.968	0.172
56.985	0.164
57.002	0.156
57.019	0.149
57.035	0.141
57.052	0.134
57.069	0.127
57.085	0.120
57.102	0.113
57.119	0.106
57.136	0.100
57.152	9.482E-2
57.169	9.010E-2
57.186	8.600E-2
57.203	8.272E-2
57.219	8.043E-2
57.236	7.879E-2
57.253	7.805E-2
57.270	7.784E-2
57.286	7.892E-2
57.303	8.316E-2
57.320	8.598E-2
57.336	8.947E-2
57.353	9.392E-2
57.370	9.891E-2
57.387	0.105
57.403	0.111
57.420	0.118
57.437	0.125
57.454	0.132
57.470	0.139
57.487	0.146
57.504	0.154
57.520	0.162
57.537	0.169
57.554	0.176
57.571	0.183
57.587	0.189
57.604	0.194
57.621	0.199
57.638	0.203
57.654	0.206
57.671	0.209
57.688	0.210
57.705	0.211
57.721	0.211
57.738	0.209
57.755	0.208
57.771	0.205
57.788	0.201
57.805	0.197
57.822	0.192
57.838	0.186
57.855	0.180
57.872	0.173
57.889	0.166
57.905	0.159
57.922	0.151
57.939	0.143
57.955	0.136
57.972	0.129
57.989	0.122
58.006	0.115
58.022	0.109
58.039	0.102
58.056	9.694E-2
58.073	9.215E-2
58.089	8.789E-2
58.106	8.489E-2
58.123	8.236E-2
58.140	8.042E-2
58.156	7.960E-2
58.173	7.942E-2
58.190	8.044E-2
58.206	8.223E-2
58.223	8.494E-2
58.240	8.833E-2
58.257	9.269E-2
58.273	9.766E-2
58.290	0.103
58.307	0.109
58.324	0.116
58.340	0.123
58.357	0.130
58.374	0.137
58.390	0.144
58.407	0.152
58.424	0.159
58.441	0.167
58.457	0.174
58.474	0.180
58.491	0.186
58.508	0.192
58.524	0.197
58.541	0.201
58.558	0.205
58.575	0.207
58.591	0.209
58.608	0.210
58.625	0.210
58.641	0.209
58.658	0.207
58.675	0.205
58.692	0.201
58.708	0.197
58.725	0.192
58.742	0.186
58.759	0.180
58.775	0.174
58.792	0.167
58.809	0.160
58.825	0.152
58.842	0.144
58.859	0.137
58.876	0.130
58.892	0.123
58.909	0.116
58.926	0.109
58.943	0.103
58.959	9.737E-2
58.976	9.254E-2
58.993	8.829E-2
59.010	8.494E-2
59.026	8.208E-2
59.043	8.018E-2
59.060	7.936E-2
59.076	7.926E-2
59.093	8.016E-2
59.110	8.184E-2
59.127	8.427E-2
59.143	8.759E-2
59.160	9.169E-2
59.177	9.648E-2
59.194	0.102
59.210	0.108
59.227	0.115
59.244	0.122
59.260	0.129
59.277	0.136
59.294	0.143
59.311	0.150
59.327	0.158
59.344	0.165
59.361	0.172
59.378	0.179
59.394	0.185
59.411	0.190
59.428	0.195
59.445	0.200
59.461	0.203
59.478	0.206
59.495	0.208
